[Atlas_info]
/atlas/atlas3.png
1024 1024
32 32
32 32
[ID_matrix]
641 641 641 641 641 641 641 641 641 641 641 641 641 641 641 641 641 641 641 641 641 641 641 641 641 641 641 641 641 641 641 641
641 801 801 801 801 801 801 801 801 801 801 801 801 801 801 801 801 801 801 801 801 801 801 801 801 801 801 801 801 801 801 641
641 801 801 801 801 801 801 801 801 801 801 801 801 801 801 801 801 801 801 801 801 801 801 801 801 801 801 801 801 801 801 641
641 801 801 801 801 801 801 801 801 801 801 801 801 801 801 801 801 801 801 801 801 801 801 801 801 801 801 801 801 801 801 641
641 801 801 801 801 801 801 801 801 801 801 801 801 801 801 801 801 801 801 801 801 801 801 801 801 801 801 801 801 801 801 641
641 801 801 801 801 801 801 801 801 801 801 801 801 801 801 801 801 801 801 801 801 801 801 801 801 801 801 801 801 801 801 641
641 801 801 801 801 801 801 801 801 801 801 801 801 801 801 801 801 801 801 801 801 801 801 801 801 801 801 801 801 801 801 641
641 801 801 801 801 801 801 801 801 801 801 801 801 801 801 801 801 801 801 801 801 801 801 801 801 801 801 801 801 801 801 641
641 801 801 801 801 801 801 801 801 801 801 801 801 801 801 801 801 801 801 801 801 801 801 801 801 801 801 801 801 801 801 641
641 801 801 801 801 801 801 801 801 801 801 801 801 801 801 801 801 801 801 801 801 801 801 801 801 801 801 801 801 801 801 641
641 801 801 801 801 801 801 801 801 801 801 801 801 801 801 801 801 801 801 801 801 801 801 801 801 801 801 801 801 801 801 641
641 801 801 801 801 801 801 801 801 801 801 801 801 801 801 801 801 801 801 801 801 801 801 801 801 801 801 801 801 801 801 641
641 801 801 801 801 801 801 801 801 801 801 801 801 801 801 801 801 801 801 801 801 801 801 801 801 801 801 801 801 801 801 641
641 801 801 801 801 801 801 801 801 801 801 801 801 801 801 801 801 801 801 801 801 801 801 801 801 801 801 801 801 801 801 641
641 801 801 801 801 801 801 801 801 801 801 801 801 801 801 801 801 801 801 801 801 801 801 801 801 801 801 801 801 801 801 641
641 801 801 801 801 801 801 801 801 801 801 801 801 801 801 801 801 801 801 801 801 801 801 801 801 801 801 801 801 801 801 641
641 801 801 801 801 801 801 801 801 801 801 801 801 801 801 801 801 801 801 801 801 801 801 801 801 801 801 801 801 801 801 641
641 801 801 801 801 801 801 801 801 801 801 801 801 801 801 801 801 801 801 801 801 801 801 801 801 801 801 801 801 801 801 641
641 801 801 801 801 801 801 801 801 801 801 801 801 801 801 801 801 801 801 801 801 801 801 801 801 801 801 801 801 801 801 641
641 801 801 801 801 801 801 801 801 801 801 801 801 801 801 801 801 801 801 801 801 801 801 801 801 801 801 801 801 801 801 641
641 801 801 801 801 801 801 801 801 801 801 801 801 801 801 801 801 801 801 801 801 801 801 801 801 801 801 801 801 801 801 641
641 801 801 801 801 801 801 801 801 801 801 801 801 801 801 801 801 801 801 801 801 801 801 801 801 801 801 801 801 801 801 641
641 801 801 801 801 801 801 801 801 801 801 801 801 801 801 801 801 801 801 801 801 801 801 801 801 801 801 801 801 801 801 641
641 801 801 801 801 801 801 801 801 801 801 801 801 801 801 801 801 801 801 801 801 801 801 801 801 801 801 801 801 801 801 641
641 801 801 801 801 801 801 801 801 801 801 801 801 801 801 801 801 801 801 801 801 801 801 801 801 801 801 801 801 801 801 641
641 801 801 801 801 801 801 801 801 801 801 801 801 801 801 801 801 801 801 801 801 801 801 801 801 801 801 801 801 801 801 641
641 801 801 801 801 801 801 801 801 801 801 801 801 801 801 801 801 801 801 801 801 801 801 801 801 801 801 801 801 801 801 641
641 641 641 641 641 641 641 641 641 641 641 641 641 641 641 641 641 641 641 641 641 641 641 641 641 641 641 641 641 641 641 641